228952310853.000000
228952315980.000000
228952318360.000000
228952320435.000000
228952320435.000000
228952322571.000000
228952324891.000000
228952324891.000000
228952327332.000000
228952329652.000000
228952332093.000000
228952334473.000000
228952334473.000000
228952336854.000000
228952339234.000000
228952341614.000000
228952341614.000000
228952343934.000000
228952346314.000000
228952346314.000000
228952349427.000000
228952349427.000000
228952352784.000000
228952355103.000000
228952357545.000000
228952360047.000000
228952360047.000000
228952362488.000000
228952364808.000000
228952366883.000000
228952366883.000000
228952368958.000000
228952371338.000000
228952372925.000000
228952374634.000000
228952376404.000000
228952377625.000000
228952378724.000000
228952379883.000000
228952379883.000000
228952381226.000000
228952382935.000000
228952384766.000000
228952384766.000000
228952387146.000000
228952389832.000000
228952389832.000000
228952391724.000000
228952393738.000000
228952395874.000000
228952398072.000000
228952399903.000000
228952401429.000000
228952401429.000000
228952403443.000000
228952405213.000000
228952405213.000000
228952407288.000000
228952409424.000000
228952411499.000000
228952411499.000000
228952413575.000000
228952415772.000000
228952417847.000000
228952419861.000000
228952421936.000000
228952424622.000000
228952424622.000000
228952426819.000000
228952428284.000000
228952428284.000000
228952429749.000000
228952431824.000000
228952433960.000000
228952433960.000000
228952436097.000000
228952438233.000000
228952440674.000000
228952442871.000000
228952444764.000000
228952444764.000000
228952446411.000000
228952448059.000000
228952449768.000000
228952451355.000000
228952453064.000000
228952453064.000000
228952454712.000000
228952456604.000000
228952458557.000000
228952458557.000000
228952461060.000000
228952461060.000000
228952463867.000000
228952465943.000000
228952467957.000000
228952467957.000000
228952469971.000000
228952471985.000000
228952473999.000000
228952473999.000000
228952476074.000000
228952476074.000000
228952478882.000000
228952480957.000000
228952483032.000000
228952483032.000000
228952485047.000000
228952487061.000000
228952489075.000000
228952489075.000000
228952491028.000000
228952493042.000000
228952494995.000000
228952494995.000000
228952497009.000000
228952499634.000000
228952499634.000000
228952502564.000000
228952504639.000000
228952504639.000000
228952506775.000000
228952508911.000000
228952510987.000000
228952510987.000000
228952513001.000000
228952515015.000000
228952517029.000000
228952517029.000000
228952519409.000000
228952521485.000000
228952521485.000000
228952523438.000000
228952525452.000000
228952527588.000000
228952529663.000000
228952531555.000000
228952533508.000000
228952533508.000000
228952535401.000000
228952537415.000000
228952537415.000000
228952540283.000000
228952543396.000000
228952545105.000000
228952546875.000000
228952546875.000000
228952548828.000000
228952550842.000000
228952550842.000000
228952552979.000000
228952555054.000000
228952557556.000000
228952557556.000000
228952559998.000000
228952562256.000000
228952562256.000000
228952564514.000000
228952564514.000000
228952566406.000000
228952568420.000000
228952568420.000000
228952570374.000000
228952572449.000000
228952572449.000000
228952574585.000000
228952576660.000000
228952578857.000000
228952578857.000000
228952578857.000000
228952581787.000000
228952584900.000000
228952584900.000000
228952587097.000000
228952589355.000000
228952591553.000000
228952591553.000000
228952593689.000000
228952595886.000000
228952595886.000000
228952598022.000000
228952598022.000000
228952600769.000000
228952600769.000000
228952603088.000000
228952605286.000000
228952605286.000000
228952607544.000000
228952609741.000000
228952609741.000000
228952611999.000000
228952614197.000000
228952614197.000000
228952616455.000000
228952618713.000000
228952620911.000000
228952620911.000000
228952623779.000000
228952623779.000000
228952626892.000000
228952629089.000000
228952629089.000000
228952631286.000000
228952633484.000000
228952635681.000000
228952635681.000000
228952637878.000000
228952640076.000000
228952640076.000000
228952642273.000000
228952644958.000000
228952644958.000000
228952647156.000000
228952649292.000000
228952651489.000000
228952651489.000000
228952653625.000000
228952655762.000000
228952657898.000000
228952657898.000000
228952660095.000000
228952662292.000000
228952662292.000000
228952664490.000000
228952664490.000000
228952667419.000000
228952667419.000000
228952670532.000000
228952672729.000000
228952672729.000000
228952674988.000000
228952677246.000000
228952679443.000000
228952679443.000000
228952681640.000000
228952683899.000000
228952683899.000000
228952686096.000000
228952686096.000000
228952689026.000000
228952691284.000000
228952693481.000000
228952693481.000000
228952695678.000000
228952697937.000000
228952697937.000000
228952700134.000000
228952702331.000000
228952702331.000000
228952704590.000000
228952706726.000000
228952706726.000000
228952708923.000000
228952708923.000000
228952711792.000000
228952711792.000000
228952714965.000000
228952717224.000000
228952719482.000000
228952719482.000000
228952721801.000000
228952724121.000000
228952724121.000000
228952726440.000000
228952728698.000000
228952728698.000000
228952731323.000000
228952733581.000000
228952733581.000000
228952735900.000000
228952738159.000000
228952738159.000000
228952740417.000000
228952742675.000000
228952744873.000000
228952747131.000000
228952747131.000000
228952749450.000000
228952751648.000000
228952751648.000000
228952753845.000000
228952756774.000000
228952756774.000000
228952759948.000000
228952759948.000000
228952762268.000000
228952764587.000000
228952769226.000000
228952769226.000000
228952771484.000000
228952773803.000000
228952776000.000000
228952776000.000000
228952778076.000000
228952780090.000000
228952782226.000000
228952782226.000000
228952784301.000000
228952786437.000000
228952788513.000000
228952788513.000000
228952790710.000000
228952792846.000000
228952794921.000000
228952794921.000000
228952797119.000000
228952799987.000000
228952799987.000000
228952802978.000000
228952805114.000000
228952805114.000000
228952807250.000000
228952809448.000000
228952811584.000000
228952811584.000000
228952813720.000000
228952815856.000000
228952818115.000000
228952818115.000000
228952820251.000000
228952822387.000000
228952822387.000000
228952824584.000000
228952826721.000000
228952826721.000000
228952828857.000000
228952830993.000000
228952830993.000000
228952833251.000000
228952835510.000000
228952837707.000000
228952837707.000000
228952839904.000000
228952842895.000000
228952842895.000000
228952846069.000000
228952848266.000000
228952850402.000000
228952850402.000000
228952852599.000000
228952854736.000000
228952856872.000000
228952856872.000000
228952859008.000000
228952861327.000000
228952861327.000000
228952863464.000000
228952865600.000000
228952867675.000000
228952869933.000000
228952869933.000000
228952872192.000000
228952874450.000000
228952876647.000000
228952876647.000000
228952878783.000000
228952880859.000000
228952882995.000000
228952882995.000000
228952885497.000000
228952885497.000000
228952888183.000000
228952890136.000000
228952892089.000000
228952892089.000000
228952894103.000000
228952896056.000000
228952898009.000000
228952898009.000000
228952899963.000000
228952902343.000000
228952902343.000000
228952904235.000000
228952906127.000000
228952908141.000000
228952908141.000000
228952909972.000000
228952911681.000000
228952913451.000000
228952915221.000000
228952916930.000000
228952916930.000000
228952918639.000000
228952918639.000000
228952921142.000000
228952921142.000000
228952924010.000000
228952926025.000000
228952928100.000000
228952928100.000000
228952930175.000000
228952932311.000000
228952934447.000000
228952934447.000000
228952936523.000000
228952936523.000000
228952938964.000000
228952938964.000000
228952941039.000000
228952941039.000000
228952943053.000000
228952943053.000000
228952945067.000000
228952945067.000000
228952947082.000000
228952949157.000000
228952949157.000000
228952951171.000000
228952953307.000000
228952954955.000000
228952956298.000000
228952957580.000000
228952957580.000000
228952959472.000000
228952959472.000000
228952959472.000000
228952961547.000000
228952962951.000000
228952964904.000000
228952964904.000000
228952967040.000000
228952969176.000000
228952969176.000000
228952971312.000000
228952973449.000000
228952973449.000000
228952975646.000000
228952975646.000000
228952977782.000000
228952977782.000000
228952979674.000000
228952979674.000000
228952981566.000000
228952983458.000000
228952983458.000000
228952985351.000000
228952985351.000000
228952987182.000000
228952987182.000000
228952989074.000000
228952989074.000000
228952990966.000000
228952992736.000000
228952992736.000000
228952994506.000000
228952994506.000000
228952994506.000000
228952996825.000000
228952996825.000000
228952999389.000000
228952999389.000000
228953001159.000000
228953001159.000000
228953002929.000000
228953004699.000000
228953004699.000000
228953006469.000000
228953006469.000000
228953008178.000000
228953008178.000000
228953009948.000000
228953009948.000000
228953012023.000000
228953012023.000000
228953013854.000000
228953013854.000000
228953015624.000000
228953017333.000000
228953017333.000000
228953019103.000000
228953019103.000000
228953021056.000000
228953021056.000000
228953022826.000000
228953022826.000000
228953024535.000000
228953024535.000000
228953026305.000000
228953028075.000000
228953028075.000000
228953029784.000000
228953029784.000000
228953029784.000000
228953032042.000000
228953032042.000000
228953034484.000000
228953034484.000000
228953036193.000000
228953036193.000000
228953038085.000000
228953039855.000000
228953039855.000000
228953041564.000000
228953041564.000000
228953043334.000000
228953043334.000000
228953045043.000000
228953045043.000000
228953047545.000000
228953047545.000000
228953049315.000000
228953049315.000000
228953051085.000000
228953051085.000000
228953052977.000000
228953054808.000000
228953054808.000000
228953056639.000000
228953058531.000000
228953058531.000000
228953060424.000000
228953062316.000000
228953062316.000000
228953064208.000000
228953064208.000000
228953064208.000000
228953067015.000000
228953070189.000000
228953072447.000000
228953072447.000000
228953074462.000000
228953076598.000000
228953076598.000000
228953078551.000000
228953080565.000000
228953080565.000000
228953082579.000000
228953082579.000000
228953084288.000000
228953084288.000000
228953085875.000000
228953087462.000000
228953087462.000000
228953089232.000000
228953089232.000000
228953091124.000000
228953091124.000000
228953092955.000000
228953092955.000000
228953094786.000000
228953094786.000000
228953096678.000000
228953098509.000000
228953098509.000000
228953100340.000000
228953100340.000000
228953102233.000000
228953102233.000000
228953102233.000000
228953104796.000000
228953104796.000000
228953107298.000000
228953107298.000000
228953109130.000000
228953109130.000000
228953110961.000000
228953110961.000000
228953112731.000000
228953112731.000000
228953114440.000000
228953116087.000000
228953116087.000000
228953117735.000000
228953117735.000000
228953119750.000000
228953119750.000000
228953121398.000000
228953121398.000000
228953123045.000000
228953123045.000000
228953124754.000000
228953124754.000000
228953126524.000000
228953128539.000000
228953130431.000000
228953130431.000000
228953132567.000000
228953134703.000000
228953134703.000000
228953136778.000000
228953136778.000000
228953139891.000000
228953143187.000000
228953143187.000000
228953145567.000000
228953148070.000000
228953148070.000000
228953150572.000000
228953153075.000000
228953155516.000000
228953155516.000000
228953157896.000000
228953160338.000000
228953160338.000000
228953163268.000000
228953165953.000000
228953168639.000000
228953168639.000000
228953171019.000000
228953172728.000000
228953172728.000000
228953174315.000000
228953174315.000000
228953175841.000000
228953177428.000000
228953177428.000000
228953178954.000000
228953178954.000000
228953180540.000000
228953180540.000000
228953180540.000000
228953182799.000000
228953182799.000000
228953185240.000000
228953185240.000000
228953187010.000000
228953187010.000000
228953188719.000000
228953188719.000000
228953190489.000000
228953190489.000000
228953192259.000000
228953192259.000000
228953194029.000000
228953194029.000000
228953195738.000000
228953195738.000000
228953197935.000000
228953197935.000000
228953199705.000000
228953201598.000000
228953203429.000000
228953203429.000000
228953205199.000000
228953207030.000000
228953207030.000000
228953208800.000000
228953208800.000000
228953210631.000000
228953210631.000000
228953212767.000000
228953212767.000000
228953214903.000000
228953217039.000000
228953217039.000000
228953217039.000000
228953219908.000000
228953222960.000000
228953222960.000000
228953225096.000000
228953225096.000000
228953227293.000000
228953229491.000000
228953231688.000000
228953231688.000000
228953233885.000000
228953233885.000000
228953236082.000000
228953236082.000000
228953238524.000000
228953238524.000000
228953240660.000000
228953240660.000000
228953242857.000000
228953245299.000000
228953245299.000000
228953247435.000000
228953247435.000000
228953249083.000000
228953249083.000000
228953250731.000000
228953250731.000000
228953252379.000000
228953252379.000000
228953254088.000000
228953254088.000000
228953255858.000000
228953255858.000000
228953258360.000000
228953261351.000000
228953261351.000000
228953263304.000000
228953265501.000000
228953267393.000000
228953267393.000000
228953276060.000000
228953276060.000000
228953277586.000000
228953279051.000000
228953279051.000000
228953280577.000000
228953280577.000000
228953282164.000000
228953284300.000000
228953284300.000000
228953286375.000000
228953288450.000000
228953288450.000000
228953290281.000000
228953292051.000000
228953292051.000000
228953294371.000000
228953294371.000000
228953296812.000000
228953296812.000000
228953298521.000000
228953300230.000000
228953300230.000000
228953302061.000000
228953302061.000000
228953303831.000000
228953303831.000000
228953305662.000000
228953307676.000000
228953307676.000000
228953310118.000000
228953310118.000000
228953312315.000000
228953312315.000000
228953314451.000000
228953316160.000000
228953316160.000000
228953317869.000000
228953319639.000000
228953319639.000000
228953321348.000000
228953323118.000000
228953323118.000000
228953324827.000000
228953326475.000000
228953326475.000000
228953328184.000000
228953328184.000000
228953330503.000000
228953330503.000000
228953332884.000000
228953332884.000000
228953334532.000000
228953336180.000000
228953336180.000000
228953337889.000000
228953339659.000000
228953339659.000000
228953341368.000000
228953343260.000000
228953345640.000000
228953347715.000000
228953347715.000000
228953349607.000000
228953351011.000000
228953351011.000000
228953352354.000000
228953353819.000000
228953353819.000000
228953355345.000000
228953356871.000000
228953356871.000000
228953358335.000000
228953358335.000000
228953360655.000000
228953360655.000000
228953363035.000000
228953363035.000000
228953364805.000000
228953364805.000000
228953366636.000000
228953366636.000000
228953368467.000000
228953370359.000000
228953370359.000000
228953372190.000000
228953372190.000000
228953374082.000000
228953374082.000000
228953375975.000000
228953375975.000000
228953378416.000000
228953378416.000000
228953380247.000000
228953380247.000000
228953382139.000000
228953382139.000000
228953383970.000000
228953383970.000000
228953385801.000000
228953387693.000000
228953387693.000000
228953389524.000000
228953391477.000000
228953393492.000000
228953393492.000000
228953395506.000000
228953395506.000000
228953398130.000000
228953398130.000000
228953400755.000000
228953402708.000000
228953402708.000000
228953404844.000000
228953406858.000000
228953406858.000000
228953408872.000000
228953410764.000000
228953410764.000000
228953412657.000000
228953412657.000000
228953412657.000000
228953415098.000000
228953416990.000000
228953416990.000000
228953418882.000000
228953418882.000000
228953420774.000000
228953420774.000000
228953422605.000000
228953422605.000000
228953424436.000000
228953426328.000000
228953426328.000000
228953428159.000000
228953428159.000000
228953430052.000000
228953430052.000000
228953431944.000000
228953431944.000000
228953433836.000000
228953436460.000000
228953436460.000000
228953439268.000000
228953439268.000000
228953441282.000000
228953443357.000000
228953443357.000000
228953445432.000000
228953447447.000000
228953447447.000000
228953449278.000000
228953449278.000000
228953451109.000000
228953451109.000000
228953453489.000000
228953453489.000000
228953455259.000000
228953455259.000000
228953457090.000000
228953457090.000000
228953458860.000000
228953460691.000000
228953460691.000000
228953462461.000000
228953462461.000000
228953464353.000000
228953466062.000000
228953466062.000000
228953467710.000000
228953469297.000000
228953469297.000000
228953469297.000000
228953471494.000000
228953471494.000000
228953473875.000000
228953475584.000000
228953476926.000000
228953478086.000000
228953478086.000000
228953479246.000000
228953479246.000000
228953480772.000000
228953480772.000000
228953482603.000000
228953482603.000000
228953484922.000000
228953484922.000000
228953486814.000000
228953488828.000000
228953488828.000000
228953490781.000000
228953490781.000000
228953492673.000000
228953494627.000000
228953494627.000000
228953496580.000000
228953496580.000000
228953498533.000000
228953498533.000000
228953500303.000000
228953502134.000000
228953502134.000000
228953504636.000000
228953504636.000000
228953504636.000000
228953507078.000000
228953508909.000000
228953508909.000000
228953510740.000000
228953510740.000000
228953512510.000000
228953514341.000000
228953514341.000000
228953516233.000000
228953517881.000000
228953517881.000000
228953517881.000000
228953527463.000000
228953528501.000000
228953528501.000000
228953529478.000000
228953529478.000000
228953530881.000000
228953532773.000000
228953532773.000000
228953535093.000000
228953535093.000000
228953537534.000000
228953537534.000000
228953539243.000000
228953540830.000000
228953540830.000000
228953542478.000000
228953542478.000000
228953544248.000000
228953544248.000000
228953545957.000000
228953547727.000000
228953547727.000000
228953549863.000000
228953551877.000000
228953553831.000000
228953553831.000000
228953555173.000000
228953555173.000000
228953556638.000000
228953556638.000000
228953558042.000000
228953559751.000000
228953559751.000000
228953561643.000000
228953563474.000000
228953563474.000000
228953565305.000000
228953565305.000000
228953567136.000000
228953567136.000000
228953569578.000000
228953569578.000000
228953572324.000000
228953574460.000000
228953576658.000000
228953576658.000000
228953578855.000000
228953581174.000000
228953581174.000000
228953583432.000000
228953585569.000000
228953585569.000000
228953587522.000000
228953589353.000000
228953589353.000000
228953591184.000000
228953591184.000000
228953593076.000000
228953594907.000000
228953596738.000000
228953596738.000000
228953598508.000000
228953600034.000000
228953600034.000000
228953601621.000000
228953603269.000000
228953603269.000000
228953603269.000000
228953605588.000000
228953605588.000000
228953608091.000000
228953609922.000000
228953609922.000000
228953611753.000000
228953613584.000000
228953613584.000000
228953615476.000000
228953615476.000000
228953617307.000000
228953619199.000000
228953619199.000000
228953621274.000000
228953623105.000000
228953623105.000000
228953624997.000000
228953624997.000000
228953626828.000000
228953628720.000000
228953630613.000000
228953632566.000000
228953632566.000000
228953634275.000000
228953634275.000000
228953635923.000000
228953637510.000000
228953637510.000000
228953639218.000000
228953639218.000000
228953641721.000000
228953641721.000000
228953644406.000000
228953644406.000000
228953646299.000000
228953648191.000000
228953648191.000000
228953650083.000000
228953651975.000000
228953651975.000000
228953653989.000000
228953655942.000000
228953655942.000000
228953658261.000000
228953660092.000000
228953660092.000000
228953661862.000000
228953661862.000000
228953663632.000000
228953665586.000000
228953665586.000000
228953667478.000000
228953669370.000000
228953669370.000000
228953671262.000000
228953673215.000000
228953673215.000000
228953675107.000000
228953675107.000000
228953677671.000000
228953677671.000000
228953680295.000000
228953680295.000000
228953682187.000000
228953684079.000000
228953684079.000000
228953686032.000000
228953686032.000000
228953687924.000000
228953689755.000000
228953689755.000000
228953691648.000000
228953693723.000000
228953693723.000000
228953695615.000000
228953697507.000000
228953697507.000000
228953699338.000000
228953701169.000000
228953701169.000000
228953702756.000000
228953704282.000000
228953705747.000000
228953705747.000000
228953707578.000000
228953709470.000000
228953709470.000000
228953711240.000000
228953711240.000000
228953713925.000000
228953716794.000000
228953716794.000000
228953718869.000000
228953720883.000000
228953720883.000000
228953722959.000000
228953722959.000000
228953725034.000000
228953725034.000000
228953726987.000000
228953726987.000000
228953728818.000000
228953728818.000000
228953730954.000000
228953730954.000000
228953732785.000000
228953732785.000000
228953734616.000000
228953736447.000000
228953736447.000000
228953738217.000000
228953738217.000000
228953739987.000000
228953739987.000000
228953741818.000000
228953741818.000000
228953743649.000000
228953745480.000000
228953745480.000000
228953747250.000000
228953747250.000000
228953749631.000000
228953749631.000000
228953749631.000000
228953752194.000000
228953752194.000000
228953753964.000000
228953753964.000000
228953755795.000000
228953757626.000000
228953757626.000000
228953759396.000000
228953759396.000000
228953761227.000000
228953761227.000000
228953762997.000000
228953762997.000000
228953765256.000000
228953765256.000000
228953767087.000000
228953767087.000000
228953768857.000000
228953768857.000000
228953770627.000000
228953770627.000000
228953772458.000000
228953772458.000000
228953774228.000000
228953776059.000000
228953776059.000000
228953777829.000000
228953777829.000000
228953779599.000000
228953779599.000000
228953781430.000000
228953783261.000000
228953783261.000000
228953783261.000000
228953785641.000000
228953785641.000000
228953788144.000000
228953788144.000000
228953789914.000000
228953789914.000000
228953791623.000000
228953791623.000000
228953793454.000000
228953795285.000000
228953795285.000000
228953797116.000000
228953797116.000000
228953798886.000000
228953798886.000000
228953800839.000000
228953800839.000000
228953808041.000000
228953809872.000000
228953809872.000000
228953811459.000000
228953813046.000000
228953813046.000000
228953814633.000000
228953816403.000000
228953816403.000000
228953818417.000000
228953818417.000000
228953821042.000000
228953821042.000000
228953823727.000000
228953823727.000000
228953825680.000000
228953827634.000000
228953827634.000000
228953829526.000000
228953831479.000000
228953831479.000000
228953833432.000000
228953835385.000000
228953835385.000000
228953837826.000000
228953839718.000000
228953839718.000000
228953841672.000000
228953843625.000000
228953843625.000000
228953845578.000000
228953845578.000000
228953847531.000000
228953849484.000000
228953849484.000000
228953851437.000000
228953853512.000000
228953853512.000000
228953855588.000000
228953855588.000000
228953858212.000000
228953860898.000000
228953860898.000000
228953865475.000000
228953865475.000000
228953867795.000000
228953869992.000000
228953869992.000000
228953872189.000000
228953872189.000000
228953874325.000000
228953874325.000000
228953876889.000000
228953876889.000000
228953878781.000000
228953878781.000000
228953880673.000000
228953880673.000000
228953882565.000000
228953882565.000000
228953884518.000000
228953884518.000000
228953886410.000000
228953888302.000000
228953888302.000000
228953890255.000000
228953890255.000000
228953892209.000000
228953892209.000000
228953894162.000000
228953894162.000000
228953896115.000000
228953896115.000000
228953898678.000000
228953898678.000000
228953898678.000000
228953901364.000000
228953901364.000000
228953903317.000000
228953903317.000000
228953905270.000000
228953907162.000000
228953907162.000000
228953909176.000000
228953909176.000000
228953911190.000000
228953911190.000000
228953913144.000000
228953913144.000000
228953915341.000000
228953915341.000000
228953917294.000000
228953917294.000000
228953919186.000000
228953919186.000000
228953921139.000000
228953921139.000000
228953923092.000000
228953925045.000000
228953925045.000000
228953927060.000000
228953927060.000000
228953929013.000000
228953929013.000000
228953930966.000000
228953930966.000000
228953932919.000000
228953932919.000000
228953934872.000000
228953934872.000000
228953937374.000000
228953937374.000000
228953937374.000000
228953940060.000000
228953940060.000000
228953941952.000000
228953943966.000000
228953943966.000000
228953945858.000000
228953945858.000000
228953947811.000000
228953950009.000000
228953950009.000000
228953952206.000000
228953952206.000000
228953954830.000000
228953954830.000000
228953957089.000000
228953957089.000000
228953959347.000000
228953959347.000000
228953961605.000000
228953961605.000000
228953963864.000000
228953963864.000000
228953966122.000000
228953966122.000000
228953968319.000000
228953970577.000000
228953970577.000000
228953972836.000000
228953972836.000000
228953975094.000000
228953975094.000000
228953977352.000000
228953977352.000000
228953977352.000000
228953980282.000000
228953980282.000000
228953983456.000000
228953983456.000000
228953985714.000000
228953985714.000000
228953987972.000000
228953987972.000000
228953990170.000000
228953990170.000000
228953992489.000000
228953994686.000000
228953994686.000000
228953996945.000000
228953996945.000000
228953999447.000000
228953999447.000000
228954001705.000000
228954001705.000000
228954003964.000000
228954003964.000000
228954006283.000000
228954008541.000000
228954010861.000000
228954010861.000000
228954013180.000000
228954013180.000000
228954015499.000000
228954015499.000000
228954017697.000000
228954017697.000000
228954019955.000000
228954022152.000000
228954022152.000000
228954025021.000000
228954034054.000000
228954036190.000000
228954038326.000000
228954038326.000000
228954040524.000000
228954040524.000000
228954042782.000000
228954044979.000000
228954044979.000000
228954046932.000000
228954046932.000000
228954048824.000000
228954048824.000000
228954050655.000000
228954050655.000000
228954052486.000000
228954052486.000000
228954054379.000000
228954054379.000000
228954056271.000000
228954058163.000000
228954058163.000000
228954060055.000000
228954061947.000000
228954061947.000000
228954064510.000000
228954064510.000000
228954064510.000000
228954067501.000000
228954069759.000000
228954071957.000000
228954071957.000000
228954073788.000000
228954075680.000000
228954075680.000000
228954077572.000000
228954079525.000000
228954079525.000000
228954081844.000000
228954081844.000000
228954083797.000000
228954085690.000000
228954085690.000000
228954087643.000000
228954089596.000000
228954089596.000000
228954091549.000000
228954093441.000000
228954093441.000000
228954095394.000000
228954097286.000000
228954097286.000000
228954099239.000000
228954101070.000000
228954101070.000000
228954103573.000000
228954103573.000000
228954106197.000000
228954106197.000000
228954108150.000000
228954110104.000000
228954110104.000000
228954112057.000000
228954112057.000000
228954114010.000000
228954115963.000000
228954115963.000000
228954117855.000000
228954119991.000000
228954119991.000000
228954121944.000000
228954123897.000000
228954123897.000000
228954125790.000000
228954127682.000000
228954127682.000000
228954129635.000000
228954131527.000000
228954131527.000000
228954133480.000000
228954135494.000000
228954135494.000000
228954137386.000000
228954137386.000000
228954139950.000000
228954139950.000000
228954142635.000000
228954142635.000000
228954144588.000000
228954146480.000000
228954148372.000000
228954148372.000000
228954150326.000000
228954152279.000000
228954152279.000000
228954154232.000000
228954154232.000000
228954156490.000000
228954158443.000000
228954158443.000000
228954160335.000000
228954162288.000000
228954162288.000000
228954164242.000000
228954166195.000000
228954166195.000000
228954168148.000000
228954170162.000000
228954170162.000000
228954172237.000000
228954174312.000000
228954174312.000000
228954176388.000000
228954176388.000000
228954179378.000000
228954182491.000000
228954182491.000000
228954184749.000000
228954187008.000000
228954187008.000000
228954189266.000000
228954191524.000000
228954191524.000000
228954193782.000000
228954195980.000000
228954195980.000000
228954198787.000000
228954198787.000000
228954200618.000000
228954202449.000000
228954202449.000000
228954204281.000000
228954206112.000000
228954206112.000000
228954207943.000000
228954209774.000000
228954209774.000000
228954211544.000000
228954213375.000000
228954213375.000000
228954215145.000000
228954217037.000000
228954217037.000000
228954217037.000000
228954219356.000000
228954219356.000000
228954221798.000000
228954221798.000000
228954223568.000000
228954223568.000000
228954225277.000000
228954226986.000000
228954226986.000000
228954228695.000000
228954228695.000000
228954230403.000000
228954230403.000000
228954232174.000000
228954234127.000000
228954234127.000000
228954235958.000000
228954237850.000000
228954237850.000000
228954239681.000000
228954241573.000000
228954241573.000000
228954243465.000000
228954245418.000000
228954245418.000000
228954247310.000000
228954249263.000000
228954249263.000000
228954251155.000000
228954251155.000000
228954253047.000000
228954253047.000000
228954255611.000000
228954255611.000000
228954258358.000000
228954260311.000000
228954260311.000000
228954262203.000000
228954264095.000000
228954264095.000000
228954265987.000000
228954267879.000000
228954267879.000000
228954269832.000000
228954269832.000000
228954272212.000000
228954274105.000000
228954274105.000000
228954275997.000000
228954277889.000000
228954277889.000000
228954279781.000000
228954281673.000000
228954281673.000000
228954283565.000000
228954285457.000000
228954285457.000000
228954287410.000000
228954289302.000000
228954289302.000000
228954291805.000000
228954291805.000000
228954294490.000000
228954294490.000000
228954296382.000000
228954298335.000000
228954298335.000000
228954300228.000000
228954302120.000000
228954302120.000000
228954304012.000000
228954305904.000000
228954305904.000000
228954308223.000000
228954310115.000000
228954310115.000000
228954312068.000000
228954312068.000000
228954313899.000000
228954315791.000000
228954315791.000000
228954317684.000000
228954319576.000000
228954319576.000000
228954321468.000000
228954323360.000000
228954325191.000000
228954325191.000000
228954327022.000000
228954327022.000000
228954329524.000000
228954329524.000000
228954332393.000000
228954334529.000000
228954334529.000000
228954336604.000000
228954338619.000000
228954340633.000000
228954340633.000000
228954342647.000000
228954344722.000000
228954344722.000000
228954346919.000000
228954349056.000000
228954349056.000000
228954351192.000000
228954353023.000000
228954353023.000000
228954354854.000000
228954356685.000000
228954356685.000000
228954358455.000000
228954360225.000000
228954360225.000000
228954361995.000000
228954363765.000000
228954363765.000000
228954365596.000000
228954365596.000000
228954368037.000000
228954370845.000000
228954370845.000000
228954373164.000000
228954375423.000000
228954377681.000000
228954377681.000000
228954379878.000000
228954379878.000000
228954382137.000000
228954382137.000000
228954384334.000000
228954386348.000000
228954386348.000000
228954388301.000000
228954388301.000000
228954390193.000000
228954390193.000000
228954392207.000000
228954392207.000000
228954394160.000000
228954394160.000000
228954396175.000000
228954398128.000000
228954398128.000000
228954400081.000000
228954400081.000000
228954402034.000000
228954402034.000000
228954403987.000000
228954403987.000000
228954405940.000000
228954405940.000000
228954408504.000000
228954408504.000000
228954411250.000000
228954411250.000000
228954413142.000000
228954413142.000000
228954415034.000000
228954415034.000000
228954416987.000000
228954416987.000000
228954418880.000000
228954418880.000000
228954420772.000000
228954422664.000000
228954422664.000000
228954424556.000000
228954424556.000000
228954426265.000000
228954426265.000000
228954428035.000000
228954428035.000000
228954429805.000000
228954429805.000000
228954431575.000000
228954433284.000000
228954433284.000000
228954435054.000000
228954435054.000000
228954436763.000000
228954436763.000000
228954438533.000000
228954438533.000000
228954440303.000000
228954440303.000000
228954442134.000000
228954442134.000000
228954444453.000000
228954444453.000000
228954444453.000000
228954446956.000000
228954448665.000000
228954448665.000000
228954450435.000000
228954450435.000000
228954452144.000000
228954452144.000000
228954453914.000000
228954453914.000000
228954455806.000000
228954457759.000000
228954457759.000000
228954459651.000000
228954459651.000000
228954462153.000000
228954462153.000000
228954464229.000000
228954464229.000000
228954466548.000000
228954466548.000000
228954468684.000000
228954468684.000000
228954470881.000000
228954473018.000000
228954475215.000000
228954475215.000000
228954477412.000000
228954479670.000000
228954479670.000000
228954481868.000000
228954481868.000000
228954484492.000000
228954493464.000000
228954495417.000000
228954496943.000000
228954496943.000000
228954498469.000000
228954498469.000000
228954500361.000000
228954500361.000000
228954502070.000000
228954502070.000000
228954503840.000000
228954503840.000000
228954505549.000000
228954505549.000000
228954507319.000000
228954507319.000000
228954509028.000000
228954510798.000000
228954510798.000000
228954512568.000000
228954512568.000000
228954514338.000000
228954514338.000000
228954516169.000000
228954516169.000000
228954517878.000000
228954517878.000000
228954520198.000000
228954520198.000000
228954520198.000000
228954522578.000000
228954524348.000000
228954524348.000000
228954526118.000000
228954526118.000000
228954527827.000000
228954527827.000000
228954529597.000000
228954529597.000000
228954531428.000000
228954531428.000000
228954533259.000000
228954533259.000000
228954535456.000000
228954537287.000000
228954537287.000000
228954539057.000000
228954539057.000000
228954540828.000000
228954540828.000000
228954542598.000000
228954542598.000000
228954544429.000000
228954544429.000000
228954546138.000000
228954547969.000000
228954547969.000000
228954549678.000000
228954549678.000000
228954551448.000000
228954551448.000000
228954553157.000000
228954553157.000000
228954555537.000000
228954555537.000000
228954558039.000000
228954558039.000000
228954559870.000000
228954559870.000000
228954561640.000000
228954561640.000000
228954563410.000000
228954563410.000000
228954565180.000000
228954566950.000000
228954566950.000000
228954568720.000000
228954568720.000000
228954570796.000000
228954570796.000000
228954572627.000000
228954572627.000000
228954574336.000000
228954574336.000000
228954576106.000000
228954576106.000000
228954577815.000000
228954577815.000000
228954579585.000000
228954579585.000000
228954581294.000000
228954583064.000000
228954583064.000000
228954584773.000000
228954584773.000000
228954586543.000000
228954586543.000000
228954588252.000000
228954588252.000000
228954590571.000000
228954590571.000000
228954593012.000000
228954593012.000000
228954594843.000000
228954594843.000000
228954596613.000000
228954596613.000000
228954598384.000000
228954600154.000000
228954600154.000000
228954601924.000000
228954601924.000000
228954603694.000000
228954603694.000000
228954605769.000000
228954605769.000000
228954614741.000000
228954615778.000000
228954615778.000000
228954616877.000000
228954616877.000000
228954617976.000000
228954619563.000000
228954619563.000000
228954621272.000000
228954621272.000000
228954621272.000000
228954623530.000000
228954623530.000000
228954625849.000000
228954627497.000000
228954627497.000000
228954629145.000000
228954631159.000000
228954631159.000000
228954633051.000000
228954633051.000000
228954634943.000000
228954637080.000000
228954637080.000000
228954639460.000000
228954639460.000000
228954641718.000000
228954641718.000000
228954644099.000000
228954646601.000000
228954646601.000000
228954649104.000000
228954649104.000000
228954651667.000000
228954651667.000000
228954654169.000000
228954656672.000000
228954656672.000000
228954659113.000000
228954661433.000000
228954661433.000000
228954663996.000000
228954666865.000000
228954666865.000000
228954670893.000000
228954670893.000000
228954672785.000000
228954674555.000000
228954674555.000000
228954676325.000000
228954678339.000000
228954680048.000000
228954680048.000000
228954681574.000000
228954683039.000000
228954683039.000000
228954684565.000000
228954686152.000000
228954686152.000000
228954687800.000000
228954689448.000000
228954691340.000000
228954691340.000000
228954693171.000000
228954695063.000000
228954695063.000000
228954696711.000000
228954696711.000000
228954698786.000000
228954701044.000000
228954701044.000000
228954702570.000000
228954704218.000000
228954704218.000000
228954705744.000000
228954707331.000000
228954707331.000000
228954708857.000000
228954710444.000000
228954710444.000000
228954712336.000000
228954713862.000000
228954715388.000000
228954715388.000000
228954716913.000000
228954718500.000000
228954718500.000000
228954720148.000000
228954721857.000000
228954723871.000000
228954725641.000000
228954727839.000000
228954730219.000000
228954732966.000000
228954732966.000000
228954734186.000000
228954736506.000000
228954737787.000000
228954739191.000000
228954739191.000000
228954740717.000000
228954742182.000000
228954743525.000000
228954744868.000000
228954746332.000000
228954746332.000000
228954748102.000000
228954749750.000000
228954752802.000000
228954752802.000000
228954754145.000000
228954754145.000000
228954756159.000000
228954758661.000000
228954758661.000000
228954760370.000000
228954762079.000000
228954763727.000000
228954765436.000000
228954765436.000000
228954767023.000000
228954768549.000000
228954770441.000000
228954771967.000000
228954771967.000000
228954773615.000000
228954775202.000000
228954776728.000000
228954776728.000000
228954778437.000000
228954780024.000000
228954780024.000000
228954781672.000000
228954783381.000000
228954785090.000000
228954786799.000000
228954786799.000000
228954788996.000000
228954788996.000000
228954791315.000000
228954793024.000000
228954794550.000000
228954795954.000000
228954797419.000000
228954797419.000000
228954798883.000000
228954800287.000000
228954800287.000000
228954803888.000000
228954803888.000000
228954805780.000000
228954807611.000000
228954807611.000000
228954809320.000000
228954810907.000000
228954814203.000000
228954815546.000000
228954817194.000000
228954817194.000000
228954819513.000000
228954821466.000000
228954821466.000000
228954823420.000000
228954825190.000000
228954826899.000000
228954828546.000000
228954828546.000000
228954830255.000000
228954832575.000000
228954832575.000000
228954834406.000000
228954836054.000000
228954837336.000000
228954838556.000000
228954839777.000000
228954839777.000000
228954841486.000000
228954843256.000000
228954845026.000000
228954846674.000000
228954846674.000000
228954848322.000000
228954850641.000000
228954850641.000000
228954853449.000000
228954853449.000000
228954855402.000000
228954857416.000000
228954859552.000000
228954859552.000000
228954861688.000000
228954863825.000000
228954865656.000000
228954865656.000000
228954867609.000000
228954869135.000000
228954869135.000000
228954870661.000000
228954872248.000000
228954873773.000000
228954873773.000000
228954875299.000000
228954876886.000000
228954878412.000000
228954878412.000000
228954879999.000000
228954881769.000000
228954881769.000000
228954884210.000000
228954884210.000000
228954886957.000000
228954889154.000000
228954891168.000000
228954891168.000000
228954893183.000000
228954894892.000000
228954896478.000000
228954896478.000000
228954898126.000000
228954899957.000000
228954899957.000000
228954901483.000000
228954903009.000000
228954903009.000000
228954904535.000000
228954906183.000000
228954907770.000000
228954907770.000000
228954909418.000000
228954911005.000000
228954912531.000000
228954912531.000000
228954914118.000000
228954915643.000000
228954915643.000000
228954917658.000000
228954917658.000000
228954919794.000000
228954921442.000000
228954921442.000000
228954923029.000000
228954924677.000000
228954926264.000000
228954926264.000000
228954927789.000000
228954929376.000000
228954931268.000000
228954935541.000000
228954937128.000000
228954938715.000000
228954938715.000000
228954940363.000000
228954942072.000000
228954943597.000000
228954943597.000000
228954945245.000000
228954946771.000000
228954946771.000000
228954948785.000000
228954948785.000000
228954950922.000000
228954952448.000000
228954952448.000000
228954953973.000000
228954955560.000000
228954955560.000000
228954957147.000000
228954958734.000000
228954960382.000000
228954960382.000000
228954962030.000000
228954963617.000000
228954963617.000000
228954965204.000000
228954966791.000000
228954966791.000000
228954968378.000000
228954970026.000000
228954970026.000000
228954971613.000000
228954973260.000000
228954974786.000000
228954974786.000000
228954976312.000000
228954977899.000000
228954977899.000000
228954979913.000000
228954979913.000000
228954982172.000000
228954982172.000000
228954983758.000000
228954985223.000000
228954986932.000000
228954988580.000000
228954988580.000000
228954990167.000000
228954991754.000000
228954993524.000000
228954993524.000000
228954995111.000000
228954996698.000000
228954998468.000000
228955000116.000000
228955000116.000000
228955001642.000000
228955003290.000000
228955004877.000000
228955006464.000000
228955006464.000000
228955008172.000000
228955008172.000000
228955010553.000000
228955023248.000000
228955024652.000000
228955026178.000000
228955026178.000000
228955027582.000000
228955028924.000000
228955030389.000000
228955031854.000000
228955033319.000000
228955033319.000000
228955034662.000000
228955036004.000000
228955036004.000000
228955037836.000000
228955037836.000000
228955040155.000000
228955041803.000000
228955043512.000000
228955043512.000000
228955044793.000000
228955046075.000000
228955046075.000000
228955047357.000000
228955049066.000000
228955049066.000000
228955052789.000000
228955052789.000000
228955054193.000000
228955055536.000000
228955055536.000000
228955058404.000000
228955059991.000000
228955059991.000000
228955061700.000000
228955063287.000000
228955064813.000000
228955064813.000000
228955066766.000000
228955066766.000000
228955068963.000000
228955068963.000000
228955070672.000000
228955072381.000000
228955073968.000000
228955075372.000000
228955076715.000000
228955077997.000000
228955077997.000000
228955079522.000000
228955080743.000000
228955081964.000000
228955081964.000000
228955083734.000000
228955087152.000000
228955087152.000000
228955088372.000000
228955089471.000000
228955089471.000000
228955090631.000000
228955092157.000000
228955094476.000000
228955094476.000000
228955096795.000000
228955097955.000000
228955099054.000000
228955100213.000000
228955100213.000000
228955101800.000000
228955103448.000000
228955103448.000000
228955107049.000000
228955108758.000000
228955108758.000000
228955110467.000000
228955112115.000000
228955113580.000000
228955113580.000000
228955115045.000000
228955116510.000000
228955118219.000000
228955119867.000000
228955119867.000000
228955121514.000000
228955123040.000000
228955125177.000000
228955125177.000000
228955127496.000000
228955127496.000000
228955131158.000000
228955131158.000000
228955132867.000000
228955134332.000000
228955135797.000000
228955135797.000000
228955137262.000000
228955139154.000000
228955139154.000000
228955140924.000000
228955142633.000000
228955144281.000000
228955144281.000000
228955145990.000000
228955147760.000000
228955149346.000000
228955150811.000000
228955152337.000000
228955152337.000000
228955153802.000000
228955156121.000000
228955156121.000000
228955158319.000000
228955160272.000000
228955160272.000000
228955162469.000000
228955164666.000000
228955164666.000000
228955166741.000000
228955168389.000000
228955170098.000000
228955170098.000000
228955172235.000000
228955173821.000000
228955173821.000000
228955175408.000000
228955176995.000000
228955178521.000000
228955180230.000000
228955180230.000000
228955181817.000000
228955183404.000000
228955184991.000000
228955186578.000000
228955186578.000000
228955188104.000000
228955188104.000000
228955190362.000000
228955190362.000000
228955192681.000000
228955194634.000000
228955196832.000000
228955196832.000000
228955199090.000000
228955201226.000000
228955202752.000000
228955202752.000000
228955204400.000000
228955206231.000000
228955207574.000000
228955208856.000000
228955210137.000000
228955211663.000000
228955211663.000000
228955213128.000000
228955214654.000000
228955216119.000000
228955216119.000000
228955217645.000000
228955219048.000000
228955219048.000000
228955227532.000000
228955229546.000000
228955231622.000000
228955231622.000000
228955233575.000000
228955235345.000000
228955237176.000000
228955237176.000000
228955239007.000000
228955240533.000000
228955240533.000000
228955242059.000000
228955243707.000000
228955245171.000000
228955246514.000000
228955247857.000000
228955247857.000000
228955249322.000000
228955250848.000000
228955252312.000000
228955252312.000000
228955254449.000000
228955256829.000000
228955258660.000000
228955259942.000000
228955261102.000000
228955262261.000000
228955262261.000000
228955268365.000000
228955269769.000000
228955271111.000000
228955272637.000000
228955272637.000000
228955274468.000000
228955276360.000000
228955278191.000000
228955278191.000000
228955280022.000000
228955281792.000000
228955281792.000000
228955284234.000000
228955286858.000000
228955286858.000000
228955288628.000000
228955290398.000000
228955292290.000000
228955292290.000000
228955294121.000000
228955296014.000000
228955297662.000000
228955299432.000000
228955300957.000000
228955300957.000000
228955302666.000000
228955304497.000000
228955306451.000000
228955308221.000000
228955309930.000000
228955309930.000000
228955311639.000000
228955313286.000000
228955315118.000000
228955317559.000000
228955317559.000000
228955320000.000000
228955320000.000000
228955321770.000000
228955323540.000000
228955325188.000000
228955327019.000000
228955328850.000000
228955330742.000000
228955333123.000000
228955333123.000000
228955335198.000000
228955337334.000000
228955339348.000000
228955341302.000000
228955343316.000000
228955343316.000000
228955345269.000000
228955347283.000000
228955349236.000000
228955349236.000000
228955351189.000000
228955351189.000000
228955356194.000000
228955356194.000000
228955358452.000000
228955360528.000000
228955362664.000000
228955362664.000000
228955364678.000000
228955366570.000000
228955368462.000000
228955368462.000000
228955370598.000000
228955372368.000000
228955374138.000000
228955374138.000000
228955375908.000000
228955377678.000000
228955379387.000000
228955379387.000000
228955381096.000000
228955382805.000000
228955384575.000000
228955384575.000000
228955386345.000000
228955388115.000000
228955388115.000000
228955390374.000000
228955390374.000000
228955392937.000000
228955392937.000000
228955394829.000000
228955396721.000000
228955396721.000000
228955398735.000000
228955398735.000000
228955400689.000000
228955400689.000000
228955402703.000000
228955402703.000000
228955404839.000000
228955404839.000000
228955407097.000000
228955407097.000000
228955409172.000000
228955409172.000000
228955411187.000000
228955413201.000000
228955413201.000000
228955415215.000000
228955415215.000000
228955417290.000000
228955417290.000000
228955419365.000000
228955419365.000000
228955421440.000000
228955421440.000000
228955423455.000000
228955425469.000000
228955425469.000000
228955427483.000000
228955427483.000000
228955427483.000000
228955430168.000000
228955430168.000000
228955432976.000000
228955432976.000000
228955435051.000000
228955435051.000000
228955437065.000000
228955437065.000000
228955439141.000000
228955439141.000000
228955441277.000000
228955441277.000000
228955443291.000000
228955443291.000000
228955445305.000000
228955445305.000000
228955447502.000000
228955449517.000000
228955449517.000000
228955451470.000000
228955451470.000000
228955453545.000000
228955453545.000000
228955455498.000000
228955455498.000000
228955457573.000000
228955457573.000000
228955459587.000000
228955459587.000000
228955461602.000000
228955463677.000000
228955463677.000000
228955465752.000000
228955465752.000000
228955467827.000000
228955467827.000000
228955467827.000000
228955470574.000000
228955470574.000000
228955473442.000000
228955473442.000000
228955475517.000000
228955475517.000000
228955477349.000000
228955477349.000000
228955479058.000000
228955479058.000000
228955480828.000000
228955480828.000000
228955482659.000000
228955484673.000000
228955484673.000000
228955484673.000000
228955486931.000000
228955488945.000000
228955488945.000000
228955491020.000000
228955491020.000000
228955493096.000000
228955493096.000000
228955495110.000000
228955495110.000000
228955497185.000000
228955497185.000000
228955499199.000000
228955501274.000000
228955501274.000000
228955503349.000000
228955503349.000000
228955505547.000000
228955507744.000000
228955507744.000000
228955510674.000000
228955510674.000000
228955513847.000000
228955516106.000000
228955516106.000000
228955518303.000000
228955520500.000000
228955520500.000000
228955522698.000000
228955524895.000000
228955524895.000000
228955526848.000000
228955529289.000000
228955529289.000000
228955531303.000000
228955533318.000000
228955533318.000000
228955535332.000000
228955537346.000000
228955537346.000000
228955539360.000000
228955541435.000000
228955543449.000000
228955543449.000000
228955545464.000000
228955547478.000000
228955547478.000000
228955550163.000000
228955550163.000000
228955553154.000000
228955555412.000000
228955555412.000000
228955557610.000000
228955559807.000000
228955559807.000000
228955561760.000000
228955563774.000000
228955563774.000000
228955565727.000000
228955567741.000000
228955567741.000000
228955570122.000000
228955570122.000000
228955572075.000000
228955574089.000000
228955574089.000000
228955576225.000000
228955578300.000000
228955578300.000000
228955580315.000000
228955582451.000000
228955582451.000000
228955584465.000000
228955586540.000000
228955586540.000000
228955588615.000000
228955588615.000000
228955591301.000000
228955591301.000000
228955594170.000000
228955596184.000000
228955596184.000000
228955598198.000000
228955600212.000000
228955600212.000000
228955602287.000000
228955604301.000000
228955604301.000000
228955606438.000000
228955606438.000000
228955608818.000000
228955610893.000000
228955610893.000000
228955612968.000000
228955614982.000000
228955614982.000000
228955616997.000000
228955619011.000000
228955619011.000000
228955621025.000000
228955623039.000000
228955623039.000000
228955625053.000000
228955627006.000000
228955627006.000000
228955629021.000000
228955629021.000000
228955631706.000000
228955631706.000000
228955634575.000000
228955636528.000000
228955638542.000000
228955638542.000000
228955640495.000000
228955642509.000000
228955642509.000000
228955644523.000000
228955646538.000000
228955646538.000000
228955648857.000000
228955650871.000000
228955652885.000000
228955652885.000000
228955654838.000000
228955656791.000000
228955656791.000000
228955658745.000000
228955660698.000000
228955660698.000000
228955662773.000000
228955664848.000000
228955664848.000000
228955666923.000000
228955668998.000000
228955668998.000000
228955671684.000000
228955671684.000000
228955674553.000000
228955676628.000000
228955676628.000000
228955678764.000000
228955680961.000000
228955680961.000000
228955682975.000000
228955682975.000000
228955684745.000000
228955684745.000000
228955686454.000000
228955686454.000000
228955688835.000000
228955688835.000000
228955690849.000000
228955690849.000000
228955692802.000000
228955692802.000000
228955694816.000000
228955694816.000000
228955696891.000000
228955698967.000000
228955698967.000000
228955701042.000000
228955701042.000000
228955703178.000000
228955703178.000000
228955705192.000000
228955705192.000000
228955707328.000000
228955709404.000000
228955709404.000000
228955712211.000000
228955712211.000000
228955715080.000000
228955717277.000000
228955719535.000000
228955721794.000000
228955721794.000000
228955723991.000000
228955726005.000000
228955726005.000000
228955728019.000000
228955728019.000000
228955730644.000000
228955732536.000000
228955734367.000000
228955734367.000000
228955736198.000000
228955738029.000000
228955738029.000000
228955739860.000000
228955741691.000000
228955743522.000000
228955743522.000000
228955745353.000000
228955747184.000000
228955747184.000000
228955749626.000000
228955749626.000000
228955752250.000000
228955752250.000000
228955754081.000000
228955755912.000000
228955757682.000000
228955757682.000000
228955759513.000000
228955761283.000000
228955761283.000000
228955763114.000000
228955764945.000000
228955764945.000000
228955767204.000000
228955768974.000000
228955768974.000000
228955770805.000000
228955772636.000000
228955774467.000000
228955774467.000000
228955776298.000000
228955778068.000000
228955778068.000000
228955779960.000000
228955781730.000000
228955781730.000000
228955783561.000000
228955786003.000000
228955786003.000000
228955788566.000000
228955788566.000000
228955790397.000000
228955792228.000000
228955792228.000000
228955793998.000000
228955795768.000000
228955797599.000000
228955797599.000000
228955799369.000000
228955801200.000000
228955801200.000000
228955803703.000000
228955803703.000000
228955805534.000000
228955807426.000000
228955809318.000000
228955809318.000000
228955811210.000000
228955813041.000000
228955813041.000000
228955814872.000000
228955816764.000000
228955816764.000000
228955818656.000000
228955820548.000000
228955820548.000000
228955823112.000000
228955823112.000000
228955825736.000000
228955827567.000000
228955827567.000000
228955829459.000000
228955831352.000000
228955831352.000000
228955833244.000000
228955835136.000000
228955836967.000000
228955836967.000000
228955839286.000000
228955841239.000000
228955843070.000000
228955844901.000000
228955844901.000000
228955846610.000000
228955848441.000000
228955850455.000000
228955850455.000000
228955852592.000000
228955854667.000000
228955854667.000000
228955856681.000000
228955858573.000000
228955858573.000000
228955861015.000000
228955861015.000000
228955863883.000000
228955866080.000000
228955866080.000000
228955868217.000000
228955870231.000000
228955870231.000000
228955872062.000000
228955873893.000000
228955875663.000000
228955875663.000000
228955877311.000000
228955878776.000000
228955878776.000000
228955880241.000000
228955881766.000000
228955881766.000000
228955883231.000000
228955884696.000000
228955886161.000000
228955886161.000000
228955887626.000000
228955889030.000000
228955889030.000000
228955890494.000000
228955891959.000000
228955891959.000000
228955893973.000000
228955893973.000000
228955896049.000000
228955897452.000000
228955897452.000000
228955898917.000000
228955900321.000000
228955900321.000000
228955901786.000000
228955903251.000000
228955904716.000000
228955904716.000000
228955906241.000000
228955907767.000000
228955907767.000000
228955909171.000000
228955910575.000000
228955910575.000000
228955912040.000000
228955913444.000000
228955913444.000000
228955914847.000000
228955916312.000000
228955917777.000000
228955917777.000000
228955919242.000000
228955920829.000000
228955920829.000000
228955923026.000000
228955923026.000000
228955925284.000000
228955926810.000000
228955926810.000000
228955928336.000000
228955929862.000000
228955931388.000000
228955931388.000000
228955932914.000000
228955934440.000000
228955934440.000000
228955936149.000000
228955937675.000000
228955937675.000000
228955939322.000000
228955940787.000000
228955940787.000000
228955942313.000000
228955943778.000000
228955945304.000000
228955945304.000000
228955946769.000000
228955948295.000000
228955949820.000000
228955949820.000000
228955951346.000000
228955951346.000000
228955953299.000000
228955953299.000000
228955955436.000000
228955956962.000000
228955956962.000000
228955958487.000000
228955960013.000000
228955961539.000000
228955961539.000000
228955963065.000000
228955964591.000000
228955964591.000000
228955966239.000000
228955967765.000000
228955967765.000000
228955969291.000000
228955970817.000000
228955970817.000000
228955972342.000000
228955973868.000000
228955975394.000000
228955975394.000000
228955976920.000000
228955978751.000000
228955980399.000000
228955980399.000000
228955982230.000000
228955982230.000000
228955984794.000000
228955987784.000000
228955987784.000000
228955989676.000000
228955991690.000000
228955993644.000000
228955995658.000000
228955995658.000000
228955997306.000000
228955999381.000000
228955999381.000000
228956001029.000000
228956003043.000000
228956003043.000000
228956004996.000000
228956006949.000000
228956006949.000000
228956008902.000000
228956010855.000000
228956012809.000000
228956012809.000000
228956014762.000000
228956016715.000000
228956016715.000000
228956018790.000000
228956021720.000000
228956021720.000000
228956024527.000000
228956026725.000000
228956028861.000000
228956031058.000000
228956031058.000000
228956033072.000000
228956035025.000000
228956035025.000000
228956036917.000000
228956039176.000000
228956039176.000000
228956041068.000000
228956043021.000000
228956043021.000000
228956044913.000000
228956046866.000000
228956046866.000000
228956048514.000000
228956050040.000000
228956051688.000000
228956051688.000000
228956053153.000000
228956054740.000000
228956054740.000000
228956056693.000000
228956056693.000000
228956058707.000000
228956058707.000000
228956060233.000000
228956061698.000000
228956063162.000000
228956063162.000000
228956064627.000000
228956066092.000000
228956066092.000000
228956067618.000000
228956069327.000000
228956069327.000000
228956070792.000000
228956072196.000000
228956072196.000000
228956078055.000000
228956078055.000000
228956079764.000000
228956081412.000000
228956083182.000000
228956083182.000000
228956084952.000000
228956087271.000000
228956087271.000000
228956089591.000000
228956089591.000000
228956091117.000000
228956092581.000000
228956092581.000000
228956094107.000000
228956095633.000000
228956097220.000000
228956097220.000000
228956098807.000000
228956100272.000000
228956100272.000000
228956101431.000000
228956102530.000000
228956102530.000000
228956103873.000000
228956105521.000000
228956107047.000000
228956107047.000000
228956108511.000000
228956110037.000000
228956110037.000000
228956111502.000000
228956112967.000000
228956112967.000000
228956114493.000000
228956116507.000000
228956116507.000000
228956119193.000000
228956121207.000000
228956121207.000000
228956123160.000000
228956124991.000000
228956126883.000000
228956128836.000000
228956128836.000000
228956130362.000000
228956130362.000000
228956131522.000000
228956132681.000000
228956132681.000000
228956134207.000000
228956135916.000000
228956137625.000000
228956137625.000000
228956139395.000000
228956139395.000000
228956141409.000000
228956143240.000000
228956143240.000000
228956145132.000000
228956145132.000000
228956147818.000000
228956147818.000000
228956147818.000000
228956150565.000000
228956152518.000000
228956152518.000000
228956154471.000000
228956156363.000000
228956156363.000000
228956158377.000000
228956158377.000000
228956160513.000000
228956160513.000000
228956162588.000000
228956164786.000000
228956164786.000000
228956166861.000000
228956166861.000000
228956168875.000000
228956168875.000000
228956170889.000000
228956172781.000000
228956172781.000000
228956174612.000000
228956174612.000000
228956176443.000000
228956176443.000000
228956178336.000000
228956180289.000000
228956182181.000000
228956182181.000000
228956184927.000000
228956184927.000000
228956187674.000000
228956189688.000000
228956191702.000000
228956191702.000000
228956193594.000000
228956195669.000000
228956195669.000000
228956197501.000000
228956197501.000000
228956199332.000000
228956199332.000000
228956201224.000000
228956203177.000000
228956203177.000000
228956205252.000000
228956207205.000000
228956207205.000000
228956209158.000000
228956210989.000000
228956210989.000000
228956212759.000000
228956214590.000000
228956214590.000000
228956216360.000000
228956216360.000000
228956218130.000000
228956218130.000000
228956219839.000000
228956219839.000000
228956222342.000000
228956225088.000000
228956225088.000000
228956226980.000000
228956226980.000000
228956228750.000000
228956228750.000000
228956230520.000000
228956230520.000000
228956232229.000000
228956233999.000000
228956233999.000000
228956235769.000000
228956235769.000000
228956237845.000000
228956237845.000000
228956239737.000000
228956239737.000000
228956241568.000000
228956243399.000000
228956243399.000000
228956245352.000000
228956245352.000000
228956247122.000000
228956247122.000000
228956249014.000000
228956251028.000000
228956251028.000000
228956252798.000000
228956254629.000000
228956254629.000000
228956257010.000000
228956257010.000000
228956259268.000000
228956259268.000000
228956260855.000000
228956262747.000000
228956262747.000000
228956265127.000000
228956265127.000000
228956267569.000000
228956269949.000000
228956269949.000000
228956272451.000000
228956272451.000000
228956275564.000000
228956275564.000000
228956278189.000000
228956280447.000000
228956282705.000000
228956282705.000000
228956284842.000000
228956286673.000000
228956286673.000000
228956288321.000000
228956288321.000000
228956289907.000000
228956289907.000000
228956291555.000000
228956291555.000000
228956293203.000000
228956294851.000000
228956294851.000000
228956294851.000000
228956297049.000000
228956297049.000000
228956299368.000000
228956299368.000000
228956301138.000000
228956301138.000000
228956302847.000000
228956302847.000000
228956304495.000000
228956306143.000000
228956306143.000000
228956307852.000000
228956307852.000000
228956309439.000000
228956309439.000000
228956311697.000000
228956311697.000000
228956313345.000000
228956313345.000000
228956314993.000000
228956316763.000000
228956318472.000000
228956318472.000000
228956320181.000000
228956321768.000000
228956321768.000000
228956323233.000000
228956324820.000000
228956324820.000000
228956326712.000000
228956329214.000000
228956329214.000000
228956331594.000000
228956333425.000000
228956333425.000000
228956335073.000000
228956336904.000000
228956336904.000000
228956338858.000000
228956340750.000000
228956342825.000000
228956342825.000000
228956344900.000000
228956346853.000000
228956346853.000000
228956348684.000000
228956348684.000000
228956350454.000000
228956350454.000000
228956352224.000000
228956353994.000000
228956358572.000000
228956360281.000000
228956362539.000000
228956362539.000000
228956365164.000000
228956365164.000000
228956367422.000000
228956369619.000000
228956369619.000000
228956371939.000000
228956374075.000000
228956374075.000000
228956376211.000000
228956376211.000000
228956378408.000000
228956378408.000000
228956380544.000000
228956380544.000000
228956382253.000000
228956383962.000000
228956383962.000000
228956385671.000000
228956385671.000000
228956387380.000000
228956387380.000000
228956389211.000000
228956391104.000000
228956391104.000000
228956392996.000000
228956394949.000000
228956394949.000000
228956396902.000000
228956396902.000000
228956399038.000000
228956399038.000000
228956401418.000000
228956403066.000000
228956403066.000000
228956404775.000000
228956406301.000000
228956407705.000000
228956407705.000000
228956408926.000000
228956410391.000000
228956410391.000000
228956412344.000000
228956412344.000000
228956414175.000000
228956414175.000000
228956416067.000000
228956417715.000000
228956417715.000000
228956419119.000000
228956420461.000000
228956420461.000000
228956421926.000000
228956421926.000000
228956423574.000000
228956423574.000000
228956425222.000000
228956425222.000000
228956426870.000000
228956426870.000000
228956429067.000000
228956429067.000000
228956431387.000000
228956431387.000000
228956433096.000000
228956433096.000000
228956434744.000000
228956434744.000000
228956436453.000000
228956436453.000000
228956438162.000000
228956438162.000000
228956439932.000000
228956441641.000000
228956441641.000000
228956441641.000000
228956443716.000000
228956445425.000000
228956445425.000000
228956447073.000000
228956447073.000000
228956448721.000000
228956448721.000000
228956450369.000000
228956450369.000000
228956452016.000000
228956453664.000000
228956453664.000000
228956455373.000000
228956455373.000000
228956457082.000000
228956457082.000000
228956458791.000000
228956460561.000000
228956460561.000000
228956460561.000000
228956462759.000000
228956462759.000000
228956465200.000000
228956465200.000000
228956466909.000000
228956466909.000000
228956468679.000000
228956470388.000000
228956472158.000000
228956472158.000000
228956473745.000000
228956473745.000000
228956475332.000000
228956475332.000000
228956477041.000000
228956479055.000000
228956479055.000000
228956481130.000000
228956481130.000000
228956483205.000000
228956483205.000000
228956485281.000000
228956487478.000000
228956489980.000000
228956489980.000000
228956492116.000000
228956492116.000000
228956493520.000000
228956493520.000000
228956495046.000000
228956497426.000000
228956497426.000000
228956500417.000000
228956502798.000000
228956504568.000000
228956504568.000000
228956506338.000000
228956506338.000000
228956507863.000000
228956509572.000000
228956509572.000000
228956511404.000000
228956511404.000000
228956513784.000000
228956513784.000000
228956515554.000000
228956515554.000000
228956517263.000000
228956517263.000000
228956518972.000000
228956520681.000000
228956520681.000000
228956522390.000000
228956522390.000000
228956524099.000000
228956524099.000000
228956525808.000000
228956527517.000000
228956527517.000000
228956529226.000000
228956529226.000000
228956529226.000000
228956533864.000000
228956533864.000000
228956535573.000000
228956537282.000000
228956537282.000000
228956539419.000000
228956539419.000000
228956541494.000000
228956541494.000000
228956543508.000000
228956545095.000000
228956545095.000000
228956546804.000000
228956546804.000000
228956548391.000000
228956548391.000000
228956550039.000000
228956550039.000000
228956551626.000000
228956551626.000000
228956553212.000000
228956554860.000000
228956554860.000000
228956556569.000000
228956556569.000000
228956558278.000000
228956560170.000000
228956560170.000000
228956567678.000000
228956569387.000000
228956571157.000000
228956571157.000000
228956573171.000000
228956575124.000000
228956575124.000000
228956577077.000000
228956577077.000000
228956579885.000000
228956582021.000000
228956584157.000000
228956584157.000000
228956586110.000000
228956588063.000000
228956588063.000000
228956590078.000000
228956592031.000000
228956594045.000000
228956594045.000000
228956596059.000000
228956598073.000000
228956598073.000000
228956600148.000000
228956600148.000000
228956602895.000000
228956602895.000000
228956605764.000000
228956607900.000000
228956607900.000000
228956610036.000000
228956612111.000000
228956614247.000000
228956614247.000000
228956616323.000000
228956618459.000000
228956618459.000000
228956621144.000000
228956623464.000000
228956625722.000000
228956625722.000000
228956628041.000000
228956630422.000000
228956630422.000000
228956632802.000000
228956632802.000000
228956635182.000000
228956637563.000000
228956637563.000000
228956639882.000000
228956642202.000000
228956644460.000000
228956644460.000000
228956647512.000000
228956647512.000000
228956650624.000000
228956652944.000000
228956652944.000000
228956655263.000000
228956657643.000000
228956657643.000000
228956659902.000000
228956662221.000000
228956662221.000000
228956664540.000000
228956666982.000000
228956669240.000000
228956669240.000000
228956671498.000000
228956673818.000000
228956673818.000000
228956676137.000000
228956678395.000000
228956678395.000000
228956680654.000000
228956682973.000000
228956685292.000000
228956685292.000000
228956687551.000000
228956689809.000000
228956689809.000000
228956692861.000000
228956692861.000000
228956696095.000000
228956698354.000000
228956698354.000000
228956700490.000000
228956702626.000000
228956704762.000000
228956704762.000000
228956707082.000000
228956709340.000000
228956709340.000000
228956711903.000000
228956714223.000000
228956716481.000000
228956716481.000000
228956718739.000000
228956721059.000000
228956721059.000000
228956723317.000000
228956725636.000000
228956727895.000000
228956727895.000000
228956730153.000000
228956732411.000000
228956732411.000000
228956734731.000000
228956734731.000000
228956737782.000000
228956737782.000000
228956741078.000000
228956743398.000000
228956743398.000000
228956745717.000000
228956747975.000000
228956747975.000000
228956750295.000000
228956752553.000000
228956754872.000000
228956754872.000000
228956757191.000000
228956757191.000000
228956759511.000000
228956761769.000000
228956764088.000000
228956764088.000000
228956766347.000000
228956766347.000000
228956768605.000000
228956770802.000000
228956770802.000000
228956773061.000000
228956773061.000000
228956775014.000000
228956775014.000000
228956776662.000000
228956778310.000000
228956778310.000000
228956778310.000000
228956780568.000000
228956780568.000000
228956782887.000000
228956782887.000000
228956784657.000000
228956784657.000000
228956786305.000000
228956787892.000000
228956787892.000000
228956789479.000000
228956789479.000000
228956791127.000000
228956791127.000000
228956792897.000000
228956792897.000000
228956794850.000000
228956794850.000000
228956796498.000000
228956798146.000000
228956798146.000000
228956799733.000000
228956799733.000000
228956801320.000000
228956801320.000000
228956802968.000000
228956804799.000000
228956804799.000000
228956806508.000000
228956806508.000000
228956808217.000000
228956810170.000000
228956810170.000000
228956812123.000000
228956812123.000000
228956814808.000000
228956814808.000000
228956817982.000000
228956817982.000000
228956820180.000000
228956822255.000000
228956822255.000000
228956824269.000000
228956826222.000000
228956826222.000000
228956828236.000000
228956828236.000000
228956829823.000000
228956829823.000000
228956831532.000000
228956833119.000000
228956833119.000000
228956834828.000000
228956834828.000000
228956836537.000000
228956836537.000000
228956838307.000000
228956840016.000000
228956840016.000000
228956841664.000000
228956841664.000000
228956843434.000000
228956843434.000000
228956845143.000000
228956845143.000000
228956846730.000000
228956846730.000000
228956849049.000000
228956849049.000000
228956851613.000000
228956853749.000000
228956853749.000000
228956855824.000000
228956857838.000000
228956857838.000000
228956859669.000000
228956859669.000000
228956861500.000000
228956861500.000000
228956863331.000000
228956865040.000000
228956865040.000000
228956866627.000000
228956866627.000000
228956868214.000000
228956868214.000000
228956869862.000000
228956871571.000000
228956871571.000000
228956873341.000000
228956873341.000000
228956875050.000000
228956876759.000000
228956876759.000000
228956878529.000000
228956880238.000000
228956880238.000000
228956882191.000000
228956882191.000000
228956884816.000000
228956884816.000000
228956887623.000000
228956889576.000000
228956889576.000000
228956891529.000000
228956893483.000000
228956893483.000000
228956895558.000000
228956897633.000000
228956897633.000000
228956899708.000000
228956901966.000000
228956901966.000000
228956903859.000000
228956903859.000000
228956905751.000000
228956907643.000000
228956909657.000000
228956909657.000000
228956911671.000000
228956913685.000000
228956913685.000000
228956915821.000000
228956918080.000000
228956918080.000000
228956920277.000000
228956922535.000000
228956922535.000000
228956925526.000000
228956925526.000000
228956928700.000000
228956928700.000000
228956930958.000000
228956933277.000000
228956933277.000000
228956935597.000000
228956937855.000000
228956937855.000000
228956940235.000000
228956942555.000000
228956942555.000000
228956945301.000000
228956947560.000000
228956949879.000000
228956949879.000000
228956952198.000000
228956954396.000000
228956954396.000000
228956956654.000000
228956958912.000000
228956961170.000000
228956961170.000000
228956963490.000000
228956965748.000000
228956965748.000000
228956968067.000000
228956968067.000000
228956971058.000000
228956971058.000000
228956974232.000000
228956976490.000000
228956978810.000000
228956978810.000000
228956981068.000000
228956983387.000000
228956983387.000000
228956985584.000000
228956987904.000000
228956990528.000000
228956990528.000000
228956992787.000000
228956994984.000000
228956994984.000000
228956997181.000000
228956999378.000000
228957001392.000000
228957001392.000000
228957003468.000000
228957005543.000000
228957005543.000000
228957007496.000000
228957009571.000000
228957009571.000000
228957011585.000000
228957014332.000000
228957014332.000000
228957017201.000000
228957017201.000000
228957019276.000000
228957021534.000000
228957021534.000000
228957023792.000000
228957026051.000000
228957026051.000000
228957028187.000000
228957030262.000000
228957030262.000000
228957032642.000000
228957034779.000000
228957034779.000000
228957036671.000000
228957038624.000000
228957038624.000000
228957040638.000000
228957042530.000000
228957044422.000000
228957044422.000000
228957046314.000000
228957048328.000000
228957050343.000000
228957050343.000000
228957052418.000000
228957052418.000000
228957055042.000000
228957055042.000000
228957057789.000000
228957059742.000000
228957059742.000000
228957061756.000000
228957063770.000000
228957063770.000000
228957065723.000000
228957065723.000000
228957067615.000000
228957069324.000000
228957069324.000000
228957069324.000000
228957071461.000000
228957073170.000000
228957073170.000000
228957074818.000000
228957076527.000000
228957076527.000000
228957078175.000000
228957080128.000000
228957080128.000000
228957082142.000000
228957084156.000000
228957086231.000000
228957086231.000000
228957088489.000000
228957090687.000000
228957090687.000000
228957093616.000000
228957093616.000000
228957096790.000000
228957096790.000000
228957098987.000000
228957101307.000000
228957103565.000000
228957103565.000000
228957105884.000000
228957108143.000000
228957108143.000000
228957110401.000000
228957113270.000000
228957113270.000000
228957115650.000000
228957117908.000000
228957117908.000000
228957120167.000000
228957122486.000000
228957124744.000000
228957124744.000000
228957127003.000000
228957129261.000000
228957129261.000000
228957131458.000000
228957133716.000000
228957133716.000000
228957136707.000000
228957139820.000000
228957139820.000000
228957142139.000000
228957144397.000000
228957144397.000000
228957146656.000000
228957148975.000000
228957151233.000000
228957151233.000000
228957153553.000000
228957155811.000000
228957155811.000000
228957158130.000000
228957160389.000000
228957160389.000000
228957162647.000000
228957164905.000000
228957167164.000000
228957169422.000000
228957169422.000000
228957171680.000000
228957173938.000000
228957173938.000000
228957176258.000000
228957178516.000000
228957180774.000000
228957183704.000000
228957183704.000000
228957186939.000000
228957186939.000000
228957189136.000000
